Step	Accuracy	Time
0	0.3860	0.0147
1	0.4200	0.0197
2	0.4840	0.0020
3	0.5300	0.0032
4	0.5335	0.0020
5	0.5885	0.0020
6	0.6350	0.0030
7	0.6505	0.0020
8	0.6700	0.0030
9	0.6815	0.0020
10	0.6940	0.0030
11	0.7160	0.0031
12	0.7165	0.0020
13	0.7195	0.0020
14	0.7250	0.0020
15	0.7210	0.0030
16	0.7065	0.0020
17	0.7045	0.0021
18	0.7005	0.0032
19	0.7060	0.0031
20	0.7175	0.0030
21	0.7325	0.0030
22	0.7490	0.0030
23	0.7645	0.0030
24	0.7860	0.0020
25	0.7905	0.0040
26	0.7890	0.0030
27	0.7815	0.0030
28	0.7760	0.0030
29	0.7720	0.0020
30	0.7860	0.0020
31	0.7895	0.0020
32	0.7955	0.0020
33	0.7980	0.0020
34	0.8010	0.0030
35	0.8005	0.0020
36	0.8035	0.0030
37	0.8020	0.0030
38	0.8010	0.0030
39	0.8005	0.0030
40	0.8045	0.0035
41	0.8110	0.0036
42	0.8080	0.0030
43	0.8080	0.0030
44	0.8090	0.0030
45	0.8155	0.0030
46	0.8225	0.0035
47	0.8250	0.0030
48	0.8295	0.0030
49	0.8340	0.0030
50	0.8350	0.0020
51	0.8380	0.0030
52	0.8355	0.0020
53	0.8305	0.0020
54	0.8360	0.0020
55	0.8355	0.0030
56	0.8460	0.0020
57	0.8520	0.0030
58	0.8535	0.0020
59	0.8520	0.0030
60	0.8490	0.0021
61	0.8465	0.0020
62	0.8395	0.0031
63	0.8360	0.0025
64	0.8370	0.0020
65	0.8395	0.0040
66	0.8405	0.0020
67	0.8445	0.0030
68	0.8410	0.0030
69	0.8325	0.0030
70	0.8230	0.0030
71	0.8200	0.0034
72	0.8170	0.0020
73	0.8245	0.0021
74	0.8380	0.0020
75	0.8455	0.0020
76	0.8495	0.0030
77	0.8485	0.0020
78	0.8440	0.0030
79	0.8415	0.0030
80	0.8305	0.0026
81	0.8275	0.0026
82	0.8280	0.0032
83	0.8310	0.0030
84	0.8355	0.0030
85	0.8385	0.0020
86	0.8470	0.0030
87	0.8580	0.0030
88	0.8600	0.0030
89	0.8550	0.0030
90	0.8515	0.0030
91	0.8480	0.0030
92	0.8445	0.0030
93	0.8385	0.0030
94	0.8380	0.0020
95	0.8400	0.0020
96	0.8450	0.0020
97	0.8480	0.0020
98	0.8505	0.0020
99	0.8535	0.0020
100	0.8560	0.0020
101	0.8575	0.0020
102	0.8530	0.0030
103	0.8480	0.0031
104	0.8465	0.0025
105	0.8485	0.0030
106	0.8500	0.0020
107	0.8550	0.0020
108	0.8590	0.0030
109	0.8620	0.0030
110	0.8700	0.0030
111	0.8700	0.0030
112	0.8700	0.0030
113	0.8660	0.0030
114	0.8620	0.0030
115	0.8615	0.0030
116	0.8615	0.0030
117	0.8595	0.0022
118	0.8595	0.0021
119	0.8630	0.0020
120	0.8640	0.0020
121	0.8695	0.0030
122	0.8715	0.0030
123	0.8700	0.0020
124	0.8705	0.0020
125	0.8710	0.0027
126	0.8720	0.0030
127	0.8730	0.0025
128	0.8730	0.0030
129	0.8725	0.0020
130	0.8765	0.0030
131	0.8725	0.0031
132	0.8720	0.0031
133	0.8655	0.0020
134	0.8565	0.0031
135	0.8440	0.0026
136	0.8380	0.0030
137	0.8365	0.0030
138	0.8400	0.0020
139	0.8440	0.0030
140	0.8560	0.0030
141	0.8620	0.0030
142	0.8670	0.0030
143	0.8680	0.0021
144	0.8715	0.0020
145	0.8730	0.0020
146	0.8735	0.0030
147	0.8710	0.0020
148	0.8670	0.0020
149	0.8620	0.0030
150	0.8555	0.0030
151	0.8550	0.0030
152	0.8505	0.0032
153	0.8490	0.0025
154	0.8515	0.0031
155	0.8615	0.0020
156	0.8650	0.0035
157	0.8670	0.0020
158	0.8670	0.0030
159	0.8535	0.0020
160	0.8390	0.0020
161	0.8330	0.0030
162	0.8390	0.0020
163	0.8445	0.0020
164	0.8510	0.0020
165	0.8610	0.0031
166	0.8735	0.0021
167	0.8765	0.0025
168	0.8785	0.0020
169	0.8745	0.0020
170	0.8655	0.0030
171	0.8630	0.0040
172	0.8625	0.0030
173	0.8645	0.0020
174	0.8620	0.0030
175	0.8625	0.0030
176	0.8635	0.0030
177	0.8615	0.0031
178	0.8590	0.0030
179	0.8565	0.0030
180	0.8620	0.0020
181	0.8595	0.0020
182	0.8615	0.0020
183	0.8605	0.0031
184	0.8605	0.0030
185	0.8670	0.0020
186	0.8755	0.0020
187	0.8855	0.0020
188	0.8830	0.0017
189	0.8840	0.0026
190	0.8825	0.0020
191	0.8795	0.0020
192	0.8765	0.0030
193	0.8730	0.0030
194	0.8685	0.0030
195	0.8675	0.0030
196	0.8695	0.0030
197	0.8700	0.0040
198	0.8700	0.0030
199	0.8760	0.0030
200	0.8795	0.0030
201	0.8815	0.0030
202	0.8805	0.0030
203	0.8815	0.0022
204	0.8805	0.0020
205	0.8755	0.0020
206	0.8740	0.0020
207	0.8695	0.0030
208	0.8675	0.0030
209	0.8630	0.0010
210	0.8645	0.0020
211	0.8605	0.0020
212	0.8645	0.0020
213	0.8655	0.0020
214	0.8650	0.0030
215	0.8620	0.0030
216	0.8610	0.0030
217	0.8600	0.0030
218	0.8610	0.0030
219	0.8605	0.0030
220	0.8645	0.0030
221	0.8650	0.0030
222	0.8675	0.0030
223	0.8710	0.0030
224	0.8705	0.0030
225	0.8705	0.0030
226	0.8745	0.0020
227	0.8790	0.0030
228	0.8825	0.0025
229	0.8810	0.0020
230	0.8775	0.0021
231	0.8765	0.0030
232	0.8750	0.0020
233	0.8755	0.0024
234	0.8775	0.0020
235	0.8815	0.0030
236	0.8795	0.0030
237	0.8835	0.0030
238	0.8785	0.0030
239	0.8810	0.0030
240	0.8820	0.0030
241	0.8810	0.0030
242	0.8770	0.0040
243	0.8770	0.0030
244	0.8735	0.0040
245	0.8710	0.0030
246	0.8675	0.0020
247	0.8645	0.0020
248	0.8590	0.0032
249	0.8605	0.0031
250	0.8625	0.0020
251	0.8595	0.0020
252	0.8600	0.0030
253	0.8610	0.0030
254	0.8610	0.0020
255	0.8640	0.0031
256	0.8635	0.0021
257	0.8635	0.0020
258	0.8670	0.0030
259	0.8700	0.0020
260	0.8755	0.0030
261	0.8720	0.0034
262	0.8700	0.0020
263	0.8680	0.0030
264	0.8675	0.0030
265	0.8630	0.0020
266	0.8650	0.0030
267	0.8635	0.0020
268	0.8650	0.0030
269	0.8665	0.0030
270	0.8690	0.0020
271	0.8650	0.0020
272	0.8630	0.0021
273	0.8625	0.0025
274	0.8620	0.0020
275	0.8630	0.0030
276	0.8635	0.0030
277	0.8620	0.0020
278	0.8650	0.0020
279	0.8610	0.0024
280	0.8635	0.0033
281	0.8660	0.0020
282	0.8730	0.0030
283	0.8735	0.0030
284	0.8715	0.0020
285	0.8715	0.0030
286	0.8730	0.0030
287	0.8735	0.0040
288	0.8745	0.0030
289	0.8775	0.0030
290	0.8765	0.0030
291	0.8790	0.0030
292	0.8765	0.0020
293	0.8770	0.0022
294	0.8725	0.0025
295	0.8680	0.0020
296	0.8655	0.0020
297	0.8630	0.0020
298	0.8675	0.0024
299	0.8725	0.0020
300	0.8745	0.0020
301	0.8740	0.0030
302	0.8695	0.0030
303	0.8680	0.0030
304	0.8605	0.0030
305	0.8605	0.0021
306	0.8620	0.0030
307	0.8655	0.0030
308	0.8660	0.0030
309	0.8690	0.0030
310	0.8730	0.0040
311	0.8750	0.0020
312	0.8775	0.0020
313	0.8805	0.0020
314	0.8815	0.0020
315	0.8830	0.0025
316	0.8820	0.0030
317	0.8835	0.0020
318	0.8845	0.0030
319	0.8805	0.0020
320	0.8830	0.0025
321	0.8790	0.0020
322	0.8785	0.0020
323	0.8780	0.0020
324	0.8795	0.0030
325	0.8815	0.0030
326	0.8765	0.0020
327	0.8740	0.0030
328	0.8695	0.0030
329	0.8655	0.0020
330	0.8660	0.0030
331	0.8665	0.0030
332	0.8710	0.0030
333	0.8680	0.0030
334	0.8705	0.0030
335	0.8710	0.0020
336	0.8725	0.0020
337	0.8740	0.0015
338	0.8745	0.0020
339	0.8770	0.0030
340	0.8790	0.0030
341	0.8745	0.0020
342	0.8750	0.0030
343	0.8720	0.0031
344	0.8730	0.0030
345	0.8730	0.0020
346	0.8755	0.0030
347	0.8740	0.0030
348	0.8765	0.0030
349	0.8750	0.0030
350	0.8690	0.0030
351	0.8640	0.0030
352	0.8615	0.0030
353	0.8570	0.0030
354	0.8645	0.0030
355	0.8675	0.0030
356	0.8705	0.0020
357	0.8725	0.0020
358	0.8820	0.0020
359	0.8865	0.0023
360	0.8895	0.0020
361	0.8870	0.0020
362	0.8865	0.0030
363	0.8840	0.0020
364	0.8840	0.0020
365	0.8840	0.0021
366	0.8800	0.0020
367	0.8815	0.0020
368	0.8795	0.0030
369	0.8710	0.0020
370	0.8640	0.0030
371	0.8595	0.0030
372	0.8635	0.0020
373	0.8645	0.0030
374	0.8665	0.0030
375	0.8665	0.0030
376	0.8660	0.0030
377	0.8660	0.0030
378	0.8695	0.0020
379	0.8730	0.0026
380	0.8740	0.0020
381	0.8780	0.0030
382	0.8815	0.0020
383	0.8830	0.0020
384	0.8810	0.0030
385	0.8765	0.0020
386	0.8775	0.0030
387	0.8770	0.0020
388	0.8745	0.0020
389	0.8755	0.0020
390	0.8740	0.0030
391	0.8735	0.0030
392	0.8735	0.0020
393	0.8720	0.0030
394	0.8725	0.0040
395	0.8660	0.0030
396	0.8655	0.0020
397	0.8630	0.0030
398	0.8630	0.0030
399	0.8670	0.0030
400	0.8650	0.0025
401	0.8640	0.0030
402	0.8595	0.0022
403	0.8620	0.0020
404	0.8630	0.0020
405	0.8625	0.0020
406	0.8585	0.0030
407	0.8625	0.0020
408	0.8655	0.0020
409	0.8740	0.0021
410	0.8765	0.0020
411	0.8810	0.0020
412	0.8800	0.0030
413	0.8800	0.0030
414	0.8775	0.0020
415	0.8765	0.0020
416	0.8760	0.0020
417	0.8810	0.0030
418	0.8805	0.0030
419	0.8810	0.0030
420	0.8805	0.0030
421	0.8810	0.0030
422	0.8845	0.0030
423	0.8750	0.0020
424	0.8660	0.0020
425	0.8600	0.0020
426	0.8620	0.0030
427	0.8675	0.0020
428	0.8720	0.0020
429	0.8725	0.0030
430	0.8710	0.0020
431	0.8710	0.0021
432	0.8685	0.0020
433	0.8645	0.0020
434	0.8675	0.0020
435	0.8710	0.0030
436	0.8705	0.0030
437	0.8765	0.0030
438	0.8785	0.0030
439	0.8800	0.0020
440	0.8805	0.0030
441	0.8810	0.0030
442	0.8845	0.0030
443	0.8835	0.0030
444	0.8865	0.0030
445	0.8860	0.0022
446	0.8795	0.0030
447	0.8750	0.0030
448	0.8770	0.0030
449	0.8755	0.0030
450	0.8745	0.0020
451	0.8705	0.0020
452	0.8675	0.0020
453	0.8645	0.0020
454	0.8620	0.0020
455	0.8580	0.0020
456	0.8575	0.0030
457	0.8585	0.0030
458	0.8560	0.0030
459	0.8605	0.0030
460	0.8680	0.0030
461	0.8805	0.0030
462	0.8895	0.0020
463	0.8920	0.0036
464	0.8895	0.0025
465	0.8895	0.0020
466	0.8915	0.0035
467	0.8870	0.0030
468	0.8865	0.0025
469	0.8810	0.0030
470	0.8795	0.0030
471	0.8795	0.0030
472	0.8820	0.0030
473	0.8835	0.0030
474	0.8810	0.0024
475	0.8815	0.0021
476	0.8830	0.0020
477	0.8835	0.0020
478	0.8805	0.0020
479	0.8815	0.0030
480	0.8830	0.0020
481	0.8795	0.0030
482	0.8800	0.0030
483	0.8775	0.0030
484	0.8745	0.0020
485	0.8745	0.0020
486	0.8740	0.0030
487	0.8740	0.0030
488	0.8690	0.0030
489	0.8765	0.0032
490	0.8745	0.0020
491	0.8795	0.0020
492	0.8850	0.0020
493	0.8865	0.0030
494	0.8840	0.0020
495	0.8815	0.0020
496	0.8805	0.0020
497	0.8745	0.0023
498	0.8700	0.0020
499	0.8670	0.0020
500	0.8645	0.0020
501	0.8695	0.0030
502	0.8705	0.0032
503	0.8710	0.0020
504	0.8725	0.0035
505	0.8695	0.0030
506	0.8695	0.0023
507	0.8620	0.0042
508	0.8620	0.0030
509	0.8625	0.0042
510	0.8640	0.0032
511	0.8670	0.0032
512	0.8670	0.0020
513	0.8715	0.0020
514	0.8710	0.0020
515	0.8695	0.0030
516	0.8665	0.0027
517	0.8685	0.0026
518	0.8670	0.0020
519	0.8655	0.0030
520	0.8640	0.0021
521	0.8625	0.0020
522	0.8575	0.0030
523	0.8605	0.0030
524	0.8645	0.0040
525	0.8680	0.0030
526	0.8730	0.0030
527	0.8750	0.0030
528	0.8765	0.0030
529	0.8750	0.0030
530	0.8800	0.0020
531	0.8785	0.0020
532	0.8765	0.0023
533	0.8755	0.0020
534	0.8745	0.0020
535	0.8740	0.0030
536	0.8750	0.0030
537	0.8760	0.0020
538	0.8795	0.0020
539	0.8785	0.0020
540	0.8780	0.0020
541	0.8795	0.0030
542	0.8790	0.0030
543	0.8815	0.0020
544	0.8805	0.0023
545	0.8825	0.0023
546	0.8860	0.0031
547	0.8840	0.0022
548	0.8785	0.0031
549	0.8750	0.0030
550	0.8710	0.0032
551	0.8720	0.0036
552	0.8720	0.0031
553	0.8725	0.0025
554	0.8710	0.0031
555	0.8725	0.0020
556	0.8725	0.0030
557	0.8755	0.0030
558	0.8750	0.0020
559	0.8785	0.0030
560	0.8795	0.0020
561	0.8790	0.0020
562	0.8755	0.0020
563	0.8790	0.0020
564	0.8795	0.0020
565	0.8820	0.0020
566	0.8795	0.0020
567	0.8765	0.0020
568	0.8785	0.0020
569	0.8780	0.0030
570	0.8790	0.0030
571	0.8800	0.0030
572	0.8825	0.0030
573	0.8810	0.0030
574	0.8825	0.0030
575	0.8820	0.0031
576	0.8840	0.0020
577	0.8815	0.0031
578	0.8835	0.0021
579	0.8820	0.0020
580	0.8820	0.0020
581	0.8845	0.0030
582	0.8865	0.0020
583	0.8895	0.0020
584	0.8860	0.0021
585	0.8815	0.0030
586	0.8775	0.0030
587	0.8750	0.0020
588	0.8745	0.0020
589	0.8710	0.0030
590	0.8730	0.0036
591	0.8730	0.0021
592	0.8730	0.0020
593	0.8745	0.0030
594	0.8750	0.0035
595	0.8805	0.0035
596	0.8800	0.0030
597	0.8795	0.0020
598	0.8790	0.0030
599	0.8805	0.0030
600	0.8835	0.0030
601	0.8815	0.0020
602	0.8790	0.0030
603	0.8740	0.0021
604	0.8730	0.0020
605	0.8735	0.0020
606	0.8750	0.0020
607	0.8775	0.0020
608	0.8805	0.0020
609	0.8840	0.0020
610	0.8905	0.0030
611	0.8940	0.0023
612	0.8930	0.0031
613	0.8940	0.0030
614	0.8925	0.0030
615	0.8880	0.0025
616	0.8830	0.0030
617	0.8815	0.0030
618	0.8775	0.0030
619	0.8760	0.0020
620	0.8765	0.0030
621	0.8790	0.0030
622	0.8810	0.0030
623	0.8835	0.0020
624	0.8855	0.0020
625	0.8845	0.0020
626	0.8815	0.0010
627	0.8800	0.0030
628	0.8835	0.0020
629	0.8845	0.0020
630	0.8850	0.0021
631	0.8860	0.0020
632	0.8855	0.0020
633	0.8860	0.0030
634	0.8900	0.0030
635	0.8905	0.0030
636	0.8875	0.0030
637	0.8880	0.0030
638	0.8860	0.0030
639	0.8850	0.0020
640	0.8845	0.0030
641	0.8845	0.0020
642	0.8840	0.0022
643	0.8845	0.0020
644	0.8850	0.0020
645	0.8865	0.0020
646	0.8830	0.0020
647	0.8825	0.0020
648	0.8820	0.0030
649	0.8800	0.0023
650	0.8820	0.0031
651	0.8800	0.0030
652	0.8825	0.0030
653	0.8815	0.0030
654	0.8795	0.0020
655	0.8835	0.0020
656	0.8820	0.0020
657	0.8835	0.0030
658	0.8840	0.0035
659	0.8835	0.0021
660	0.8820	0.0035
661	0.8790	0.0022
662	0.8790	0.0030
663	0.8805	0.0030
664	0.8785	0.0031
665	0.8780	0.0031
666	0.8740	0.0033
667	0.8690	0.0030
668	0.8665	0.0020
669	0.8675	0.0030
670	0.8675	0.0030
671	0.8700	0.0020
672	0.8740	0.0021
673	0.8765	0.0030
674	0.8780	0.0020
675	0.8825	0.0030
676	0.8850	0.0030
677	0.8880	0.0030
678	0.8845	0.0020
679	0.8805	0.0030
680	0.8745	0.0021
681	0.8650	0.0031
682	0.8570	0.0026
683	0.8500	0.0033
684	0.8460	0.0031
685	0.8490	0.0020
686	0.8510	0.0032
687	0.8565	0.0032
688	0.8610	0.0030
689	0.8680	0.0020
690	0.8710	0.0021
691	0.8720	0.0020
692	0.8745	0.0020
693	0.8725	0.0030
694	0.8700	0.0030
695	0.8690	0.0022
696	0.8720	0.0020
697	0.8715	0.0020
698	0.8745	0.0020
699	0.8730	0.0030
700	0.8705	0.0020
701	0.8690	0.0025
702	0.8615	0.0030
703	0.8655	0.0030
704	0.8735	0.0030
705	0.8715	0.0030
706	0.8685	0.0030
707	0.8720	0.0030
708	0.8790	0.0030
709	0.8835	0.0030
710	0.8845	0.0030
711	0.8815	0.0025
712	0.8830	0.0022
713	0.8820	0.0021
714	0.8795	0.0020
715	0.8785	0.0030
716	0.8790	0.0030
717	0.8845	0.0020
718	0.8820	0.0020
719	0.8820	0.0021
720	0.8810	0.0020
721	0.8810	0.0020
722	0.8775	0.0020
723	0.8800	0.0030
724	0.8765	0.0030
725	0.8700	0.0030
726	0.8675	0.0030
727	0.8670	0.0030
728	0.8640	0.0030
729	0.8610	0.0030
730	0.8545	0.0030
731	0.8555	0.0030
732	0.8600	0.0030
733	0.8620	0.0020
734	0.8685	0.0020
735	0.8725	0.0020
736	0.8800	0.0030
737	0.8850	0.0030
738	0.8860	0.0020
739	0.8835	0.0020
740	0.8830	0.0020
741	0.8825	0.0030
742	0.8815	0.0020
743	0.8795	0.0030
744	0.8805	0.0030
745	0.8760	0.0020
746	0.8745	0.0030
747	0.8755	0.0030
748	0.8785	0.0030
749	0.8860	0.0030
750	0.8870	0.0030
751	0.8865	0.0030
752	0.8820	0.0030
753	0.8780	0.0020
754	0.8790	0.0030
755	0.8780	0.0020
756	0.8735	0.0030
757	0.8710	0.0022
758	0.8750	0.0020
759	0.8755	0.0020
760	0.8790	0.0030
761	0.8850	0.0020
762	0.8875	0.0020
763	0.8890	0.0020
764	0.8885	0.0020
765	0.8860	0.0020
766	0.8840	0.0030
767	0.8785	0.0030
768	0.8715	0.0030
769	0.8660	0.0030
770	0.8600	0.0030
771	0.8570	0.0030
772	0.8605	0.0044
773	0.8645	0.0030
774	0.8685	0.0030
775	0.8740	0.0035
776	0.8810	0.0030
777	0.8855	0.0025
778	0.8850	0.0022
779	0.8855	0.0020
780	0.8830	0.0020
781	0.8800	0.0030
782	0.8775	0.0020
783	0.8760	0.0020
784	0.8745	0.0020
785	0.8715	0.0020
786	0.8700	0.0020
787	0.8700	0.0020
788	0.8725	0.0030
789	0.8745	0.0033
790	0.8790	0.0021
791	0.8810	0.0031
792	0.8850	0.0022
793	0.8870	0.0030
794	0.8875	0.0026
795	0.8870	0.0032
796	0.8855	0.0031
797	0.8890	0.0035
798	0.8885	0.0030
799	0.8875	0.0030
800	0.8885	0.0030
801	0.8860	0.0021
802	0.8855	0.0021
803	0.8830	0.0020
804	0.8840	0.0030
805	0.8860	0.0020
806	0.8900	0.0020
807	0.8905	0.0020
808	0.8870	0.0020
809	0.8850	0.0022
810	0.8870	0.0020
811	0.8830	0.0020
812	0.8830	0.0030
813	0.8845	0.0030
814	0.8865	0.0030
815	0.8835	0.0030
816	0.8830	0.0040
817	0.8795	0.0030
818	0.8805	0.0030
819	0.8800	0.0030
820	0.8810	0.0030
821	0.8815	0.0030
822	0.8810	0.0020
823	0.8770	0.0020
824	0.8760	0.0032
825	0.8785	0.0022
826	0.8800	0.0020
827	0.8780	0.0020
828	0.8770	0.0030
829	0.8750	0.0030
830	0.8760	0.0022
831	0.8735	0.0020
832	0.8750	0.0020
833	0.8775	0.0020
834	0.8765	0.0030
835	0.8770	0.0030
836	0.8785	0.0030
837	0.8770	0.0030
838	0.8750	0.0040
839	0.8710	0.0036
840	0.8705	0.0040
841	0.8735	0.0030
842	0.8720	0.0030
843	0.8765	0.0030
844	0.8840	0.0020
845	0.8865	0.0020
846	0.8880	0.0020
847	0.8875	0.0031
848	0.8835	0.0031
849	0.8770	0.0020
850	0.8710	0.0026
851	0.8735	0.0030
852	0.8700	0.0030
853	0.8710	0.0030
854	0.8665	0.0030
855	0.8640	0.0030
856	0.8595	0.0030
857	0.8530	0.0030
858	0.8550	0.0030
859	0.8615	0.0030
860	0.8700	0.0040
861	0.8745	0.0030
862	0.8775	0.0033
863	0.8790	0.0025
864	0.8765	0.0021
865	0.8750	0.0033
866	0.8745	0.0022
867	0.8730	0.0020
868	0.8725	0.0030
869	0.8700	0.0020
870	0.8710	0.0020
871	0.8715	0.0030
872	0.8730	0.0020
873	0.8765	0.0036
874	0.8775	0.0031
875	0.8750	0.0030
876	0.8770	0.0030
877	0.8780	0.0030
878	0.8760	0.0030
879	0.8735	0.0020
880	0.8770	0.0030
881	0.8780	0.0030
882	0.8785	0.0030
883	0.8805	0.0030
884	0.8845	0.0030
885	0.8845	0.0030
886	0.8850	0.0030
887	0.8855	0.0020
888	0.8845	0.0020
889	0.8830	0.0022
890	0.8820	0.0030
891	0.8785	0.0020
892	0.8790	0.0030
893	0.8755	0.0020
894	0.8735	0.0020
895	0.8720	0.0020
896	0.8735	0.0021
897	0.8755	0.0025
898	0.8760	0.0030
899	0.8740	0.0045
900	0.8720	0.0020
901	0.8720	0.0030
902	0.8725	0.0036
903	0.8735	0.0031
904	0.8765	0.0031
905	0.8745	0.0041
906	0.8730	0.0035
907	0.8695	0.0031
908	0.8680	0.0022
909	0.8685	0.0020
910	0.8665	0.0030
911	0.8690	0.0030
912	0.8700	0.0031
913	0.8695	0.0030
914	0.8720	0.0020
915	0.8730	0.0020
916	0.8710	0.0020
917	0.8740	0.0020
918	0.8720	0.0030
919	0.8710	0.0030
920	0.8685	0.0030
921	0.8680	0.0035
922	0.8640	0.0020
923	0.8685	0.0020
924	0.8735	0.0030
925	0.8725	0.0030
926	0.8755	0.0040
927	0.8800	0.0030
928	0.8800	0.0030
929	0.8800	0.0030
930	0.8780	0.0030
931	0.8775	0.0020
932	0.8740	0.0020
933	0.8735	0.0030
934	0.8750	0.0030
935	0.8745	0.0020
936	0.8740	0.0030
937	0.8725	0.0030
938	0.8740	0.0020
939	0.8725	0.0020
940	0.8750	0.0031
941	0.8760	0.0041
942	0.8800	0.0031
943	0.8840	0.0031
944	0.8880	0.0040
945	0.8890	0.0040
946	0.8860	0.0030
947	0.8845	0.0041
948	0.8830	0.0030
949	0.8860	0.0035
950	0.8885	0.0031
951	0.8890	0.0021
952	0.8880	0.0030
953	0.8860	0.0020
954	0.8840	0.0020
955	0.8805	0.0030
956	0.8765	0.0030
957	0.8765	0.0030
958	0.8830	0.0030
959	0.8860	0.0030
960	0.8850	0.0022
961	0.8855	0.0032
962	0.8885	0.0031
963	0.8885	0.0031
964	0.8900	0.0031
965	0.8880	0.0036
966	0.8820	0.0030
967	0.8755	0.0031
968	0.8755	0.0032
969	0.8735	0.0022
970	0.8780	0.0035
971	0.8825	0.0033
972	0.8885	0.0020
973	0.8920	0.0030
974	0.8955	0.0030
975	0.8920	0.0020
976	0.8915	0.0020
977	0.8890	0.0030
978	0.8850	0.0030
979	0.8830	0.0030
980	0.8810	0.0030
981	0.8825	0.0020
982	0.8820	0.0030
983	0.8810	0.0030
984	0.8785	0.0030
985	0.8830	0.0030
986	0.8875	0.0030
987	0.8895	0.0030
988	0.8920	0.0030
989	0.8950	0.0030
990	0.8920	0.0030
991	0.8935	0.0030
992	0.8910	0.0040
993	0.8915	0.0020
994	0.8930	0.0030
995	0.8915	0.0025
996	0.8930	0.0030
997	0.8910	0.0020
998	0.8915	0.0030
999	0.8910	0.0030
1000	0.8925	0.0030
1001	0.8940	0.0030
1002	0.8930	0.0030
1003	0.8940	0.0030
1004	0.8945	0.0040
1005	0.8955	0.0030
1006	0.8955	0.0035
1007	0.8950	0.0030
1008	0.8965	0.0030
1009	0.8965	0.0040
1010	0.8970	0.0030
1011	0.8975	0.0030
1012	0.8965	0.0030
1013	0.8955	0.0040
1014	0.8910	0.0030
1015	0.8865	0.0020
1016	0.8825	0.0030
1017	0.8785	0.0021
1018	0.8775	0.0021
1019	0.8785	0.0030
1020	0.8795	0.0020
1021	0.8800	0.0020
1022	0.8765	0.0030
1023	0.8785	0.0030
1024	0.8780	0.0030
1025	0.8790	0.0030
1026	0.8785	0.0030
1027	0.8795	0.0030
1028	0.8810	0.0040
1029	0.8810	0.0040
1030	0.8795	0.0030
1031	0.8790	0.0030
1032	0.8805	0.0040
1033	0.8810	0.0030
1034	0.8790	0.0030
1035	0.8815	0.0030
1036	0.8815	0.0035
1037	0.8825	0.0020
1038	0.8860	0.0030
1039	0.8865	0.0031
1040	0.8860	0.0021
1041	0.8880	0.0020
1042	0.8885	0.0030
1043	0.8920	0.0030
1044	0.8865	0.0030
1045	0.8840	0.0033
1046	0.8795	0.0029
1047	0.8790	0.0030
1048	0.8795	0.0030
1049	0.8825	0.0030
1050	0.8820	0.0030
1051	0.8825	0.0030
1052	0.8805	0.0030
1053	0.8795	0.0031
1054	0.8790	0.0030
1055	0.8840	0.0030
1056	0.8885	0.0020
1057	0.8950	0.0025
1058	0.8930	0.0030
1059	0.8930	0.0020
1060	0.8910	0.0020
1061	0.8870	0.0030
1062	0.8870	0.0030
1063	0.8845	0.0020
1064	0.8850	0.0020
1065	0.8855	0.0031
1066	0.8845	0.0031
1067	0.8835	0.0030
1068	0.8865	0.0026
1069	0.8845	0.0020
1070	0.8830	0.0035
1071	0.8870	0.0022
1072	0.8875	0.0035
1073	0.8885	0.0040
1074	0.8865	0.0035
1075	0.8860	0.0020
1076	0.8855	0.0033
1077	0.8825	0.0030
1078	0.8830	0.0035
1079	0.8845	0.0020
1080	0.8845	0.0020
1081	0.8850	0.0020
1082	0.8870	0.0020
1083	0.8860	0.0020
1084	0.8820	0.0031
1085	0.8825	0.0030
1086	0.8805	0.0020
1087	0.8830	0.0020
1088	0.8835	0.0030
1089	0.8885	0.0020
1090	0.8900	0.0030
1091	0.8925	0.0030
1092	0.8890	0.0030
1093	0.8875	0.0030
1094	0.8845	0.0030
1095	0.8825	0.0040
1096	0.8805	0.0030
1097	0.8765	0.0030
1098	0.8795	0.0030
1099	0.8830	0.0030
1100	0.8845	0.0030
1101	0.8845	0.0030
1102	0.8870	0.0031
1103	0.8865	0.0032
1104	0.8870	0.0035
1105	0.8865	0.0030
1106	0.8850	0.0030
1107	0.8835	0.0030
1108	0.8845	0.0020
1109	0.8845	0.0020
1110	0.8855	0.0021
1111	0.8885	0.0031
1112	0.8890	0.0035
1113	0.8890	0.0035
1114	0.8885	0.0041
1115	0.8880	0.0023
1116	0.8915	0.0035
1117	0.8895	0.0030
1118	0.8900	0.0042
1119	0.8905	0.0037
1120	0.8895	0.0046
1121	0.8915	0.0041
1122	0.8935	0.0041
1123	0.8945	0.0030
1124	0.8915	0.0030
1125	0.8915	0.0030
1126	0.8890	0.0030
1127	0.8880	0.0030
1128	0.8860	0.0030
1129	0.8840	0.0020
1130	0.8770	0.0030
1131	0.8770	0.0030
1132	0.8750	0.0031
1133	0.8750	0.0032
1134	0.8720	0.0035
1135	0.8695	0.0031
1136	0.8690	0.0035
1137	0.8695	0.0031
1138	0.8695	0.0031
1139	0.8715	0.0035
1140	0.8750	0.0030
1141	0.8765	0.0030
1142	0.8800	0.0030
1143	0.8865	0.0030
1144	0.8905	0.0016
1145	0.8940	0.0020
1146	0.8920	0.0020
1147	0.8895	0.0020
1148	0.8855	0.0030
1149	0.8845	0.0030
1150	0.8810	0.0021
1151	0.8840	0.0025
1152	0.8835	0.0030
1153	0.8835	0.0030
1154	0.8840	0.0030
1155	0.8850	0.0030
1156	0.8865	0.0020
1157	0.8885	0.0030
1158	0.8895	0.0020
1159	0.8875	0.0031
1160	0.8875	0.0020
1161	0.8900	0.0020
1162	0.8880	0.0020
1163	0.8860	0.0030
1164	0.8845	0.0020
1165	0.8805	0.0030
1166	0.8780	0.0022
1167	0.8755	0.0020
1168	0.8760	0.0030
1169	0.8755	0.0030
1170	0.8765	0.0020
1171	0.8785	0.0020
1172	0.8805	0.0020
1173	0.8800	0.0025
1174	0.8790	0.0021
1175	0.8840	0.0020
1176	0.8865	0.0030
1177	0.8815	0.0030
1178	0.8805	0.0040
1179	0.8770	0.0030
1180	0.8790	0.0043
1181	0.8815	0.0030
1182	0.8810	0.0030
1183	0.8805	0.0037
1184	0.8795	0.0023
1185	0.8800	0.0031
1186	0.8810	0.0035
1187	0.8785	0.0031
1188	0.8785	0.0020
1189	0.8835	0.0020
1190	0.8865	0.0020
1191	0.8890	0.0030
1192	0.8885	0.0020
1193	0.8900	0.0020
1194	0.8935	0.0026
1195	0.8920	0.0020
1196	0.8920	0.0020
1197	0.8935	0.0030
1198	0.8920	0.0030
1199	0.8930	0.0030
1200	0.8940	0.0030
1201	0.8940	0.0030
1202	0.8920	0.0030
1203	0.8895	0.0040
1204	0.8890	0.0030
1205	0.8860	0.0031
1206	0.8845	0.0035
1207	0.8845	0.0031
1208	0.8845	0.0041
1209	0.8860	0.0032
1210	0.8855	0.0025
1211	0.8875	0.0020
1212	0.8860	0.0030
1213	0.8875	0.0030
1214	0.8910	0.0030
1215	0.8960	0.0030
1216	0.8960	0.0020
1217	0.8970	0.0030
1218	0.8980	0.0030
1219	0.8975	0.0020
1220	0.8975	0.0030
1221	0.8970	0.0030
1222	0.8935	0.0030
1223	0.8915	0.0030
1224	0.8860	0.0030
1225	0.8820	0.0040
1226	0.8770	0.0020
1227	0.8745	0.0030
1228	0.8715	0.0030
1229	0.8705	0.0040
1230	0.8735	0.0030
1231	0.8795	0.0030
1232	0.8825	0.0030
1233	0.8850	0.0030
1234	0.8880	0.0021
1235	0.8900	0.0026
1236	0.8865	0.0025
1237	0.8865	0.0020
1238	0.8855	0.0030
1239	0.8850	0.0030
1240	0.8855	0.0030
1241	0.8855	0.0030
1242	0.8850	0.0030
1243	0.8835	0.0040
1244	0.8845	0.0040
1245	0.8835	0.0030
1246	0.8835	0.0030
1247	0.8850	0.0030
1248	0.8860	0.0040
1249	0.8870	0.0030
1250	0.8875	0.0030
1251	0.8925	0.0030
1252	0.8930	0.0030
1253	0.8935	0.0030
1254	0.8940	0.0025
1255	0.8915	0.0020
1256	0.8910	0.0020
1257	0.8915	0.0020
1258	0.8930	0.0020
1259	0.8900	0.0020
1260	0.8870	0.0020
1261	0.8885	0.0031
1262	0.8870	0.0020
1263	0.8905	0.0020
1264	0.8945	0.0030
1265	0.8950	0.0030
1266	0.8965	0.0030
1267	0.9000	0.0030
1268	0.9010	0.0030
1269	0.9010	0.0030
1270	0.9000	0.0030
1271	0.9020	0.0030
1272	0.8990	0.0030
1273	0.8965	0.0030
1274	0.8950	0.0030
1275	0.8915	0.0030
1276	0.8920	0.0020
1277	0.8900	0.0023
1278	0.8860	0.0031
1279	0.8870	0.0030
1280	0.8820	0.0030
1281	0.8820	0.0020
1282	0.8720	0.0020
1283	0.8690	0.0020
1284	0.8675	0.0030
1285	0.8690	0.0035
1286	0.8700	0.0030
1287	0.8785	0.0035
1288	0.8875	0.0025
1289	0.8885	0.0041
1290	0.8895	0.0035
1291	0.8880	0.0031
1292	0.8810	0.0030
1293	0.8815	0.0031
1294	0.8805	0.0035
1295	0.8800	0.0030
1296	0.8795	0.0030
1297	0.8790	0.0030
1298	0.8785	0.0020
1299	0.8805	0.0020
1300	0.8815	0.0030
1301	0.8835	0.0030
1302	0.8840	0.0021
1303	0.8825	0.0020
1304	0.8760	0.0030
1305	0.8775	0.0020
1306	0.8800	0.0030
1307	0.8800	0.0030
1308	0.8800	0.0030
1309	0.8785	0.0030
1310	0.8770	0.0030
1311	0.8770	0.0030
1312	0.8740	0.0020
1313	0.8700	0.0020
1314	0.8700	0.0031
1315	0.8690	0.0031
1316	0.8670	0.0030
1317	0.8720	0.0020
1318	0.8710	0.0030
1319	0.8670	0.0030
1320	0.8650	0.0030
1321	0.8655	0.0030
1322	0.8690	0.0030
1323	0.8685	0.0031
1324	0.8740	0.0020
1325	0.8830	0.0020
1326	0.8805	0.0020
1327	0.8850	0.0020
1328	0.8890	0.0030
1329	0.8890	0.0030
1330	0.8885	0.0041
1331	0.8895	0.0030
1332	0.8910	0.0030
1333	0.8890	0.0030
1334	0.8890	0.0030
1335	0.8870	0.0030
1336	0.8885	0.0030
1337	0.8900	0.0030
1338	0.8905	0.0020
1339	0.8950	0.0020
1340	0.8930	0.0025
1341	0.8955	0.0020
1342	0.8945	0.0020
1343	0.8945	0.0030
1344	0.8900	0.0020
1345	0.8880	0.0020
1346	0.8925	0.0031
1347	0.8925	0.0020
1348	0.8940	0.0020
1349	0.8940	0.0030
1350	0.8955	0.0020
1351	0.8955	0.0030
1352	0.8945	0.0030
1353	0.8870	0.0035
1354	0.8830	0.0030
1355	0.8795	0.0030
1356	0.8760	0.0030
1357	0.8785	0.0030
1358	0.8785	0.0030
1359	0.8800	0.0040
1360	0.8805	0.0030
1361	0.8835	0.0025
1362	0.8845	0.0023
1363	0.8850	0.0022
1364	0.8875	0.0030
1365	0.8870	0.0030
1366	0.8875	0.0020
1367	0.8835	0.0030
1368	0.8845	0.0030
1369	0.8840	0.0030
1370	0.8855	0.0020
1371	0.8845	0.0020
1372	0.8850	0.0030
1373	0.8865	0.0031
1374	0.8845	0.0030
1375	0.8815	0.0032
1376	0.8815	0.0030
1377	0.8805	0.0034
1378	0.8800	0.0030
1379	0.8770	0.0040
1380	0.8785	0.0030
1381	0.8830	0.0030
1382	0.8850	0.0020
1383	0.8895	0.0033
1384	0.8905	0.0031
1385	0.8900	0.0020
1386	0.8900	0.0020
1387	0.8925	0.0030
1388	0.8895	0.0030
1389	0.8865	0.0030
1390	0.8870	0.0030
1391	0.8865	0.0021
1392	0.8870	0.0020
1393	0.8855	0.0030
1394	0.8880	0.0030
1395	0.8855	0.0030
1396	0.8860	0.0030
1397	0.8880	0.0030
1398	0.8860	0.0030
1399	0.8855	0.0030
1400	0.8850	0.0030
1401	0.8845	0.0030
1402	0.8850	0.0030
1403	0.8870	0.0030
1404	0.8890	0.0030
1405	0.8880	0.0030
1406	0.8870	0.0020
1407	0.8875	0.0031
1408	0.8880	0.0030
1409	0.8855	0.0030
1410	0.8825	0.0030
1411	0.8810	0.0020
1412	0.8790	0.0020
1413	0.8790	0.0024
1414	0.8810	0.0026
1415	0.8825	0.0025
1416	0.8845	0.0035
1417	0.8880	0.0033
1418	0.8875	0.0030
1419	0.8875	0.0020
1420	0.8845	0.0030
1421	0.8825	0.0030
1422	0.8790	0.0025
1423	0.8850	0.0035
1424	0.8865	0.0020
1425	0.8870	0.0030
1426	0.8860	0.0030
1427	0.8835	0.0030
1428	0.8840	0.0020
1429	0.8825	0.0030
1430	0.8830	0.0020
1431	0.8820	0.0020
1432	0.8835	0.0020
1433	0.8840	0.0030
1434	0.8885	0.0030
1435	0.8865	0.0020
1436	0.8850	0.0020
1437	0.8855	0.0021
1438	0.8870	0.0035
1439	0.8895	0.0040
1440	0.8915	0.0035
1441	0.8895	0.0030
1442	0.8905	0.0030
1443	0.8900	0.0030
1444	0.8890	0.0030
1445	0.8850	0.0030
1446	0.8870	0.0030
1447	0.8835	0.0030
1448	0.8840	0.0030
1449	0.8845	0.0020
1450	0.8830	0.0020
1451	0.8785	0.0030
1452	0.8790	0.0022
1453	0.8825	0.0021
1454	0.8810	0.0030
1455	0.8865	0.0020
1456	0.8820	0.0020
1457	0.8800	0.0030
1458	0.8770	0.0020
1459	0.8725	0.0031
1460	0.8720	0.0030
1461	0.8695	0.0032
1462	0.8695	0.0030
1463	0.8705	0.0040
1464	0.8710	0.0034
1465	0.8760	0.0040
1466	0.8820	0.0030
1467	0.8840	0.0030
1468	0.8845	0.0020
1469	0.8815	0.0030
1470	0.8775	0.0020
1471	0.8745	0.0020
1472	0.8725	0.0024
1473	0.8700	0.0020
1474	0.8695	0.0020
1475	0.8760	0.0020
1476	0.8830	0.0020
1477	0.8865	0.0030
1478	0.8880	0.0020
1479	0.8920	0.0021
1480	0.8915	0.0030
1481	0.8885	0.0030
1482	0.8890	0.0020
1483	0.8885	0.0030
1484	0.8835	0.0030
1485	0.8805	0.0030
1486	0.8770	0.0030
1487	0.8775	0.0030
1488	0.8795	0.0030
1489	0.8825	0.0030
1490	0.8870	0.0040
1491	0.8850	0.0030
1492	0.8860	0.0030
1493	0.8855	0.0030
1494	0.8840	0.0022
1495	0.8835	0.0020
1496	0.8805	0.0020
1497	0.8750	0.0030
1498	0.8740	0.0020
1499	0.8760	0.0020
1500	0.8800	0.0030
1501	0.8805	0.0022
1502	0.8850	0.0031
1503	0.8910	0.0031
1504	0.8915	0.0030
1505	0.8925	0.0026
1506	0.8925	0.0041
1507	0.8885	0.0020
1508	0.8860	0.0042
1509	0.8785	0.0030
1510	0.8770	0.0035
1511	0.8765	0.0030
1512	0.8820	0.0020
1513	0.8780	0.0030
1514	0.8805	0.0030
1515	0.8790	0.0030
1516	0.8830	0.0030
1517	0.8830	0.0020
1518	0.8850	0.0025
1519	0.8870	0.0030
1520	0.8900	0.0030
1521	0.8905	0.0020
1522	0.8880	0.0030
1523	0.8870	0.0030
1524	0.8870	0.0030
1525	0.8860	0.0033
1526	0.8815	0.0033
1527	0.8800	0.0030
1528	0.8810	0.0022
1529	0.8825	0.0042
1530	0.8815	0.0030
1531	0.8825	0.0030
1532	0.8845	0.0030
1533	0.8850	0.0025
1534	0.8840	0.0023
1535	0.8855	0.0020
1536	0.8870	0.0020
1537	0.8865	0.0030
1538	0.8875	0.0030
1539	0.8910	0.0020
1540	0.8905	0.0030
1541	0.8930	0.0020
1542	0.8940	0.0020
1543	0.8925	0.0030
1544	0.8890	0.0030
1545	0.8845	0.0030
1546	0.8855	0.0040
1547	0.8850	0.0030
1548	0.8860	0.0040
1549	0.8825	0.0040
1550	0.8810	0.0035
1551	0.8745	0.0030
1552	0.8740	0.0030
1553	0.8735	0.0033
1554	0.8755	0.0024
1555	0.8805	0.0020
1556	0.8815	0.0020
1557	0.8820	0.0020
1558	0.8815	0.0020
1559	0.8830	0.0030
1560	0.8810	0.0020
1561	0.8805	0.0026
1562	0.8820	0.0035
1563	0.8840	0.0020
1564	0.8825	0.0020
1565	0.8800	0.0020
1566	0.8850	0.0020
1567	0.8910	0.0020
1568	0.8935	0.0030
1569	0.8935	0.0020
1570	0.8895	0.0032
1571	0.8890	0.0030
1572	0.8890	0.0030
1573	0.8870	0.0030
1574	0.8885	0.0030
1575	0.8865	0.0020
1576	0.8850	0.0020
1577	0.8815	0.0020
1578	0.8830	0.0020
1579	0.8850	0.0030
1580	0.8875	0.0020
1581	0.8860	0.0031
1582	0.8845	0.0020
1583	0.8795	0.0030
1584	0.8780	0.0020
1585	0.8785	0.0030
1586	0.8780	0.0030
1587	0.8785	0.0030
1588	0.8780	0.0023
1589	0.8765	0.0021
1590	0.8760	0.0036
1591	0.8800	0.0031
1592	0.8805	0.0035
1593	0.8835	0.0031
1594	0.8850	0.0026
1595	0.8840	0.0020
1596	0.8810	0.0020
1597	0.8810	0.0030
1598	0.8810	0.0030
1599	0.8835	0.0030
1600	0.8875	0.0020
1601	0.8875	0.0020
1602	0.8900	0.0030
1603	0.8900	0.0020
1604	0.8920	0.0025
1605	0.8915	0.0030
1606	0.8955	0.0030
1607	0.8965	0.0030
1608	0.8985	0.0030
1609	0.8970	0.0032
1610	0.8945	0.0031
1611	0.8930	0.0030
1612	0.8900	0.0030
1613	0.8890	0.0030
1614	0.8880	0.0030
1615	0.8860	0.0030
1616	0.8855	0.0030
1617	0.8850	0.0040
1618	0.8845	0.0030
1619	0.8830	0.0030
1620	0.8835	0.0040
1621	0.8865	0.0030
1622	0.8840	0.0030
1623	0.8850	0.0030
1624	0.8870	0.0030
1625	0.8875	0.0020
1626	0.8885	0.0035
1627	0.8895	0.0031
1628	0.8930	0.0020
1629	0.8960	0.0030
1630	0.8980	0.0030
1631	0.8965	0.0020
1632	0.8970	0.0020
1633	0.8940	0.0030
1634	0.8920	0.0041
1635	0.8890	0.0030
1636	0.8855	0.0025
1637	0.8805	0.0035
1638	0.8770	0.0030
1639	0.8740	0.0020
1640	0.8800	0.0030
1641	0.8845	0.0030
1642	0.8900	0.0020
1643	0.8900	0.0020
1644	0.8905	0.0020
1645	0.8935	0.0020
1646	0.8935	0.0031
1647	0.8940	0.0030
1648	0.8935	0.0030
1649	0.8900	0.0030
1650	0.8885	0.0020
1651	0.8880	0.0020
1652	0.8880	0.0020
1653	0.8860	0.0020
1654	0.8865	0.0030
1655	0.8885	0.0020
1656	0.8900	0.0030
1657	0.8910	0.0030
1658	0.8885	0.0046
1659	0.8850	0.0020
1660	0.8825	0.0020
1661	0.8800	0.0020
1662	0.8775	0.0030
1663	0.8765	0.0020
1664	0.8780	0.0020
1665	0.8830	0.0020
1666	0.8830	0.0020
1667	0.8825	0.0020
1668	0.8850	0.0020
1669	0.8850	0.0020
1670	0.8915	0.0031
1671	0.8905	0.0030
1672	0.8960	0.0020
1673	0.8975	0.0030
1674	0.8985	0.0030
1675	0.8970	0.0020
1676	0.8965	0.0031
1677	0.8955	0.0030
1678	0.8930	0.0030
1679	0.8925	0.0030
1680	0.8865	0.0030
1681	0.8865	0.0030
1682	0.8865	0.0030
1683	0.8825	0.0030
1684	0.8785	0.0030
1685	0.8765	0.0020
1686	0.8755	0.0030
1687	0.8785	0.0030
1688	0.8820	0.0030
1689	0.8855	0.0020
1690	0.8865	0.0020
1691	0.8850	0.0030
1692	0.8855	0.0020
1693	0.8815	0.0031
1694	0.8840	0.0030
1695	0.8820	0.0030
1696	0.8795	0.0030
1697	0.8785	0.0020
1698	0.8770	0.0020
1699	0.8805	0.0020
1700	0.8840	0.0022
1701	0.8885	0.0031
1702	0.8895	0.0036
1703	0.8865	0.0020
1704	0.8845	0.0030
1705	0.8825	0.0034
1706	0.8790	0.0041
1707	0.8775	0.0032
1708	0.8780	0.0041
1709	0.8805	0.0031
1710	0.8795	0.0031
1711	0.8750	0.0020
1712	0.8740	0.0030
1713	0.8775	0.0030
1714	0.8785	0.0030
1715	0.8795	0.0020
1716	0.8775	0.0020
1717	0.8795	0.0023
1718	0.8765	0.0030
1719	0.8755	0.0030
1720	0.8700	0.0020
1721	0.8690	0.0020
1722	0.8695	0.0030
1723	0.8715	0.0030
1724	0.8735	0.0020
1725	0.8765	0.0030
1726	0.8835	0.0030
1727	0.8880	0.0030
1728	0.8890	0.0030
1729	0.8910	0.0030
1730	0.8905	0.0030
1731	0.8910	0.0030
1732	0.8910	0.0020
1733	0.8890	0.0030
1734	0.8885	0.0023
1735	0.8880	0.0020
1736	0.8890	0.0020
1737	0.8875	0.0030
1738	0.8865	0.0020
1739	0.8885	0.0030
1740	0.8885	0.0020
1741	0.8875	0.0031
1742	0.8830	0.0031
1743	0.8805	0.0020
1744	0.8795	0.0020
1745	0.8790	0.0030
1746	0.8785	0.0030
1747	0.8755	0.0030
1748	0.8760	0.0030
1749	0.8750	0.0030
1750	0.8735	0.0040
1751	0.8755	0.0040
1752	0.8795	0.0030
1753	0.8785	0.0030
1754	0.8765	0.0020
1755	0.8765	0.0030
1756	0.8790	0.0020
1757	0.8825	0.0020
1758	0.8890	0.0031
1759	0.8920	0.0031
1760	0.8915	0.0020
1761	0.8890	0.0020
1762	0.8825	0.0030
1763	0.8740	0.0020
1764	0.8735	0.0030
1765	0.8725	0.0040
1766	0.8740	0.0020
1767	0.8740	0.0024
1768	0.8705	0.0035
1769	0.8740	0.0031
1770	0.8790	0.0035
1771	0.8800	0.0031
1772	0.8805	0.0041
1773	0.8820	0.0022
1774	0.8820	0.0035
1775	0.8825	0.0035
1776	0.8845	0.0031
1777	0.8835	0.0030
1778	0.8865	0.0020
1779	0.8860	0.0030
1780	0.8855	0.0020
1781	0.8870	0.0020
1782	0.8880	0.0020
1783	0.8885	0.0020
1784	0.8890	0.0020
1785	0.8910	0.0030
1786	0.8855	0.0030
1787	0.8840	0.0030
1788	0.8815	0.0040
1789	0.8820	0.0030
1790	0.8825	0.0040
1791	0.8810	0.0030
1792	0.8755	0.0040
1793	0.8715	0.0030
1794	0.8645	0.0030
1795	0.8625	0.0030
1796	0.8625	0.0040
1797	0.8635	0.0030
1798	0.8695	0.0030
1799	0.8720	0.0030
1800	0.8765	0.0030
1801	0.8765	0.0025
1802	0.8730	0.0020
1803	0.8725	0.0030
1804	0.8715	0.0030
1805	0.8750	0.0030
1806	0.8750	0.0010
1807	0.8770	0.0025
1808	0.8760	0.0030
1809	0.8740	0.0036
1810	0.8725	0.0030
1811	0.8755	0.0031
1812	0.8770	0.0032
1813	0.8750	0.0030
1814	0.8755	0.0031
1815	0.8735	0.0031
1816	0.8700	0.0031
1817	0.8675	0.0032
1818	0.8665	0.0031
1819	0.8665	0.0025
1820	0.8690	0.0030
1821	0.8710	0.0020
1822	0.8730	0.0030
1823	0.8750	0.0030
1824	0.8725	0.0020
1825	0.8745	0.0032
1826	0.8780	0.0031
1827	0.8755	0.0030
1828	0.8765	0.0020
1829	0.8770	0.0030
1830	0.8795	0.0030
1831	0.8835	0.0030
1832	0.8850	0.0040
1833	0.8850	0.0030
1834	0.8835	0.0040
1835	0.8810	0.0040
1836	0.8815	0.0030
1837	0.8775	0.0035
1838	0.8760	0.0030
1839	0.8765	0.0030
1840	0.8780	0.0030
1841	0.8805	0.0030
1842	0.8820	0.0020
1843	0.8830	0.0025
1844	0.8850	0.0020
1845	0.8875	0.0030
1846	0.8870	0.0030
1847	0.8865	0.0030
1848	0.8830	0.0020
1849	0.8830	0.0020
1850	0.8860	0.0030
1851	0.8825	0.0030
1852	0.8850	0.0030
1853	0.8870	0.0032
1854	0.8880	0.0025
1855	0.8855	0.0030
1856	0.8855	0.0035
1857	0.8850	0.0023
1858	0.8795	0.0026
1859	0.8780	0.0030
1860	0.8770	0.0031
1861	0.8750	0.0025
1862	0.8740	0.0021
1863	0.8740	0.0020
1864	0.8750	0.0030
1865	0.8770	0.0030
1866	0.8780	0.0020
1867	0.8790	0.0020
1868	0.8775	0.0024
1869	0.8750	0.0027
1870	0.8840	0.0030
1871	0.8855	0.0020
1872	0.8855	0.0030
1873	0.8885	0.0030
1874	0.8880	0.0040
